fx: 674.7322387695312
fy: 675.1148071289062
px: 640.14990234375
py: 388.7376708984375
XCam: 2.309174060821533
YCam: 0.7642286419868469
ZCam: 1.2461891174316406
pitch: 20.134519577026367
roll: 99.58489227294922
yaw: -37.35642623901367
DistCoeff:
  rows: 1
  cols: 5
  dt: d
  data: [ -0.300273842909883,0.085408120885556,-0.001315188197637,9.764426601232005e-04,-0.010576814773373]
