fx: 664.9826049804688
fy: 663.9656372070312
px: 635.8914794921875
py: 356.6380615234375
XCam: 1.8796212673187256
YCam: 0.7882614135742188
ZCam: 1.1839768886566162
pitch: -37.65556335449219
roll: 93.31004333496094
yaw: 31.433547973632812
DistCoeff:
  rows: 1
  cols: 5
  dt: d
  data: [ -0.312282939853005,0.096027003553902,-0.001423506275227,9.084696525878705e-04,-0.013238173624602]
