fx: 660.2283935546875
fy: 661.5794067382812
px: 619.7238159179688
py: 356.2760925292969
XCam: 1.9809163808822632
YCam: -0.8228291273117065
ZCam: 1.1372658014297485
pitch: -111.74445343017578
roll: 35.8365592956543
yaw: 101.06495666503906
DistCoeff:
  rows: 1
  cols: 5
  dt: d
  data: [ -0.318011455580929,0.102343765089900,-3.172565881362664e-04,-1.102772356205584e-04,-0.015040394608032]