fx: 671.7713623046875
fy: 669.2430419921875
px: 582.0802612304688
py: 373.9430236816406
XCam: 2.213534116744995
YCam: -0.8423013687133789
ZCam: 1.2033607959747314
pitch: 113.26304626464844
roll: 30.233978271484375
yaw: -89.30115509033203
DistCoeff:
  rows: 1
  cols: 5
  dt: d
  data: [ -0.319180029339998,0.103982638896871,-5.339863511727373e-04,0.003047952628832,-0.016126209740685]